Title: K-SPEC Fiber Configuration
Authors: Dongkok Kim
Table: Fiber Configuration
================================================================================
Byte-by-byte Description of file: Fiber_Configuration.txt
--------------------------------------------------------------------------------
 Bytes Format Units  Label     Explanations
--------------------------------------------------------------------------------
 1- 3  A3     ---    ID           Hole ID                      
 5-13  F9.4   mm     X            [-125.09/125.09] X coordinate
15-23  F9.4   mm     Y            [-101.85/101.85] Y coordinate
25-26  I2     ---    FiducialFlag [-9/1] Fiducial flag (1)     
28-29  I2     ---    Row          [-9/14] Row number (i) (2)   
31-32  I2     ---    Column       [-9/14] Column number (j) (2)
--------------------------------------------------------------------------------
Note (1) : Flag as follows :
    0 = Fiber positioner
    1 = Fiducial
    -9 = Neither
Note (2) : Exact coordinates can be calculated for (i,j) as
    X = (|7-i|/2 + j - 7) * d
    Y =  (7-i) * (sqrt(3)/2) * d
    where d = 16.8 mm
--------------------------------------------------------------------------------
A0   -58.8000  101.8446  1  0  0
A1   -42.0000  101.8446  0  0  1
A2   -25.2000  101.8446  0  0  2
A3    -8.4000  101.8446  0  0  3
A4     8.4000  101.8446  0  0  4
A5    25.2000  101.8446  0  0  5
A6    42.0000  101.8446  1  0  6
A7    58.8000  101.8446  0  0  7
B0   -67.2000   87.2954  0  1  0
B1   -50.4000   87.2954  0  1  1
B2   -33.6000   87.2954  0  1  2
B3   -16.8000   87.2954  1  1  3
B4     0.0000   87.2954  0  1  4
B5    16.8000   87.2954  0  1  5
B6    33.6000   87.2954  0  1  6
B7    50.4000   87.2954  0  1  7
B8    67.2000   87.2954  0  1  8
C0   -75.6000   72.7461  0  2  0
C1   -58.8000   72.7461  0  2  1
C2   -42.0000   72.7461  0  2  2
C3   -25.2000   72.7461  0  2  3
C4    -8.4000   72.7461  0  2  4
C5     8.4000   72.7461  0  2  5
C6    25.2000   72.7461  0  2  6
C7    42.0000   72.7461  0  2  7
C8    58.8000   72.7461  0  2  8
C9    75.6000   72.7461  0  2  9
D0   -84.0000   58.1969  0  3  0
D1   -67.2000   58.1969  0  3  1
D2   -50.4000   58.1969  0  3  2
D3   -33.6000   58.1969  0  3  3
D4   -16.8000   58.1969  0  3  4
D5     0.0000   58.1969  0  3  5
D6    16.8000   58.1969  1  3  6
D7    33.6000   58.1969  0  3  7
D8    50.4000   58.1969  0  3  8
D9    67.2000   58.1969  1  3  9
D10   84.0000   58.1969  0  3 10
E0   -92.4000   43.6477  0  4  0
E1   -75.6000   43.6477  0  4  1
E2   -58.8000   43.6477  0  4  2
E3   -42.0000   43.6477  1  4  3
E4   -25.2000   43.6477  0  4  4
E5    -8.4000   43.6477  0  4  5
E6     8.4000   43.6477  0  4  6
E7    25.2000   43.6477  0  4  7
E8    42.0000   43.6477  0  4  8
E9    58.8000   43.6477  0  4  9
E10   75.6000   43.6477  0  4 10
E11   92.4000   43.6477  0  4 11
F0  -100.8000   29.0985  0  5  0
F1   -84.0000   29.0985  1  5  1
F2   -67.2000   29.0985  0  5  2
F3   -50.4000   29.0985  0  5  3
F4   -33.6000   29.0985  0  5  4
F5   -16.8000   29.0985  0  5  5
F6     0.0000   29.0985  0  5  6
F7    16.8000   29.0985  0  5  7
F8    33.6000   29.0985  0  5  8
F9    50.4000   29.0985  0  5  9
F10   67.2000   29.0985  0  5 10
F11   84.0000   29.0985  0  5 11
F12  100.8000   29.0985  0  5 12
G0  -109.2000   14.5492  0  6  0
G1   -92.4000   14.5492  0  6  1
G2   -75.6000   14.5492  0  6  2
G3   -58.8000   14.5492  0  6  3
G4   -42.0000   14.5492  0  6  4
G5   -25.2000   14.5492  0  6  5
G6    -8.4000   14.5492  0  6  6
G7     8.4000   14.5492  0  6  7
G8    25.2000   14.5492  0  6  8
G9    42.0000   14.5492  1  6  9
G10   58.8000   14.5492  0  6 10
G11   75.6000   14.5492  0  6 11
G12   92.4000   14.5492  0  6 12
G13  109.2000   14.5492  0  6 13
H0  -117.6000    0.0000  1  7  0
H1  -100.8000    0.0000  0  7  1
H2   -84.0000    0.0000  0  7  2
H3   -67.2000    0.0000  0  7  3
H4   -50.4000    0.0000  0  7  4
H5   -33.6000    0.0000  0  7  5
H6   -16.8000    0.0000  0  7  6
H7     0.0000    0.0000 -9  7  7
H8    16.8000    0.0000  0  7  8
H9    33.6000    0.0000  0  7  9
H10   50.4000    0.0000  0  7 10
H11   67.2000    0.0000  0  7 11
H12   84.0000    0.0000  0  7 12
H13  100.8000    0.0000  0  7 13
H14  117.6000    0.0000  1  7 14
I0  -109.2000  -14.5492  0  8  0
I1   -92.4000  -14.5492  0  8  1
I2   -75.6000  -14.5492  0  8  2
I3   -58.8000  -14.5492  0  8  3
I4   -42.0000  -14.5492  1  8  4
I5   -25.2000  -14.5492  0  8  5
I6    -8.4000  -14.5492  0  8  6
I7     8.4000  -14.5492  0  8  7
I8    25.2000  -14.5492  0  8  8
I9    42.0000  -14.5492  0  8  9
I10   58.8000  -14.5492  0  8 10
I11   75.6000  -14.5492  0  8 11
I12   92.4000  -14.5492  0  8 12
I13  109.2000  -14.5492  0  8 13
J0  -100.8000  -29.0985  0  9  0
J1   -84.0000  -29.0985  0  9  1
J2   -67.2000  -29.0985  0  9  2
J3   -50.4000  -29.0985  0  9  3
J4   -33.6000  -29.0985  0  9  4
J5   -16.8000  -29.0985  0  9  5
J6    -0.0000  -29.0985  0  9  6
J7    16.8000  -29.0985  0  9  7
J8    33.6000  -29.0985  0  9  8
J9    50.4000  -29.0985  0  9  9
J10   67.2000  -29.0985  0  9 10
J11   84.0000  -29.0985  1  9 11
J12  100.8000  -29.0985  0  9 12
K0   -92.4000  -43.6477  0 10  0
K1   -75.6000  -43.6477  0 10  1
K2   -58.8000  -43.6477  0 10  2
K3   -42.0000  -43.6477  0 10  3
K4   -25.2000  -43.6477  0 10  4
K5    -8.4000  -43.6477  0 10  5
K6     8.4000  -43.6477  0 10  6
K7    25.2000  -43.6477  0 10  7
K8    42.0000  -43.6477  1 10  8
K9    58.8000  -43.6477  0 10  9
K10   75.6000  -43.6477  0 10 10
K11   92.4000  -43.6477  0 10 11
L0   -84.0000  -58.1969  0 11  0
L1   -67.2000  -58.1969  1 11  1
L2   -50.4000  -58.1969  0 11  2
L3   -33.6000  -58.1969  0 11  3
L4   -16.8000  -58.1969  1 11  4
L5    -0.0000  -58.1969  0 11  5
L6    16.8000  -58.1969  0 11  6
L7    33.6000  -58.1969  0 11  7
L8    50.4000  -58.1969  0 11  8
L9    67.2000  -58.1969  0 11  9
L10   84.0000  -58.1969  0 11 10
M0   -75.6000  -72.7461  0 12  0
M1   -58.8000  -72.7461  0 12  1
M2   -42.0000  -72.7461  0 12  2
M3   -25.2000  -72.7461  0 12  3
M4    -8.4000  -72.7461  0 12  4
M5     8.4000  -72.7461  0 12  5
M6    25.2000  -72.7461  0 12  6
M7    42.0000  -72.7461  0 12  7
M8    58.8000  -72.7461  0 12  8
M9    75.6000  -72.7461  0 12  9
N0   -67.2000  -87.2954  0 13  0
N1   -50.4000  -87.2954  0 13  1
N2   -33.6000  -87.2954  0 13  2
N3   -16.8000  -87.2954  0 13  3
N4    -0.0000  -87.2954  0 13  4
N5    16.8000  -87.2954  1 13  5
N6    33.6000  -87.2954  0 13  6
N7    50.4000  -87.2954  0 13  7
N8    67.2000  -87.2954  0 13  8
O0   -58.8000 -101.8446  1 14  0
O1   -42.0000 -101.8446  0 14  1
O2   -25.2000 -101.8446  0 14  2
O3    -8.4000 -101.8446  0 14  3
O4     8.4000 -101.8446  0 14  4
O5    25.2000 -101.8446  0 14  5
O6    42.0000 -101.8446  0 14  6
O7    58.8000 -101.8446  1 14  7
Z0   125.0830   43.3490  1 -9 -9
Z1   100.0830   86.6510  1 -9 -9
Z2    25.0000  130.0000  1 -9 -9
Z3   -25.0000  130.0000  1 -9 -9
Z4  -100.0830   86.6510  1 -9 -9
Z5  -125.0830   43.3490  1 -9 -9
Z6  -125.0830  -43.3490  1 -9 -9
Z7  -100.0830  -86.6510  1 -9 -9
Z8   -25.0000 -130.0000  1 -9 -9
Z9    25.0000 -130.0000  1 -9 -9
Z10  100.0830  -86.6510  1 -9 -9
Z11  125.0830  -43.3490  1 -9 -9
